8810	-1	881000
8810	-1	882000
8810	-1	883000
8810	-1	884000
8810	-1	884400
8810	-1	885000
8810	-1	887000
8810	-1	888000
8810	-1	891000
8810	-1	893000
8810	-1	894000
8810	-1	896000
8810	-1	898000
8810	-1	901000
8810	-1	902000
8810	-1	902800
8810	-1	902900
8710	-1	871000
8710	-1	872000
8710	-1	873100
8710	-1	874100
8510	-1	851000
8510	-1	854000
8510	-1	855000
8510	-1	856000
8510	-1	858000
8510	-1	859000
8210	-1	821000
8210	-1	822000
8210	-1	823000
8210	-1	824000
8210	-1	825000
8210	-1	826000
8210	-1	827000
8210	-1	828000
8210	-1	829000
8210	-1	831000
8210	-1	833000
8210	-1	834000
8210	-1	836000
8210	-1	838000
7910	-1	791000
7910	-1	792000
7910	-1	793000
7910	-1	795000
7910	-1	797000
7910	-1	799000
7910	-1	801000
7910	-1	803000
7910	-1	804000
7910	-1	806000
7700	-1	770000
7700	-1	772000
7700	-1	774000
7700	-1	776000
7700	-1	779000
7700	-1	781100
7700	-1	783000
7310	-1	731000
7310	-1	734000
7310	-1	736000
7310	-1	738000
7310	-1	741000
7310	-1	743000
7310	-1	745000
7310	-1	747000
7310	-1	749000
7310	-1	751000
7310	-1	753000
7310	-1	754000
7310	-1	755000
7310	-1	756000
7310	-1	757000
7310	-1	758000
7010	-1	701000
7010	-1	702000
7010	-1	703000
7010	-1	705000
7010	-1	707000
7010	-1	709000
7010	-1	711000
7010	-1	713000
7010	-1	715000
6530	-1	653000
6530	-1	667000
6530	-1	669000
6530	-1	687000
6510	-1	651000
6510	-1	655000
6510	-1	656000
6510	-1	657000
6510	-1	658000
6510	-1	659000
6510	-1	661000
6510	-1	662000
6510	-1	663000
6510	-1	663600
6510	-1	665000
6510	-1	665200
6510	-1	671000
6510	-1	673000
6510	-1	673700
6510	-1	675000
6510	-1	675800
6510	-1	677000
6510	-1	679000
6510	-1	681000
6510	-1	684000
6410	-1	641000
6410	-1	642000
6110	-1	611000
6110	-1	612800
6110	-1	614000
6110	-1	615500
6110	-1	617000
6110	-1	621000
6110	-1	622500
6110	-1	623000
6110	-1	624000
6110	-1	624200
6110	-1	626100
6110	-1	628100
6110	-1	631100
6110	-1	633000
5810	-1	581000
5810	-1	582000
5810	-1	584000
5810	-1	585000
5810	-1	586000
5810	-1	586500
5810	-1	586900
5810	-1	588000
5810	-1	589000
5810	-1	591000
5810	-1	592000
5810	-1	593000
5810	-1	593700
5810	-1	595000
5810	-1	596000
5810	-1	597000
5810	-1	598000
5810	-1	599000
5810	-1	601000
5810	-1	602000
5810	-1	603000
5510	-1	551000
5510	-1	552000
5510	-1	553000
5510	-1	554000
5510	-1	555000
5510	-1	557000
5510	-1	558000
5510	-1	559000
5510	-1	561000
5510	-1	562000
5510	-1	563000
5510	-1	565000
5510	-1	567000
5510	-1	569000
5210	-1	521000
5210	-1	522000
5210	-1	523000
5210	-1	526000
5210	-1	528000
5210	-1	528600
5210	-1	531000
5210	-1	532000
5210	-1	533000
5210	-1	535000
5210	-1	536000
5210	-1	537000
5210	-1	541000
4910	-1	491000
4910	-1	492000
4910	-1	493000
4910	-1	495000
4910	-1	496000
4910	-1	497000
4910	-1	498000
4910	-1	501000
4910	-1	502000
4910	-1	503000
4910	-1	504000
4910	-1	505000
4910	-1	506000
4910	-1	508000
4910	-1	511000
4910	-1	513000
4910	-1	515000
4510	-1	451000
4510	-1	452000
4510	-1	453000
4510	-1	454000
4510	-1	455000
4510	-1	456000
4510	-1	458000
4510	-1	461000
4510	-1	463000
4510	-1	463400
4510	-1	465000
4510	-1	466000
4510	-1	468000
4510	-1	471000
4510	-1	473000
4510	-1	473200
4510	-1	475000
4210	-1	421000
4210	-1	422000
4210	-1	423000
4210	-1	424000
4210	-1	426000
4210	-1	427000
4210	-1	428000
4210	-1	431000
4210	-1	433000
4210	-1	435000
4210	-1	437000
3910	-1	391000
3910	-1	393000
3910	-1	394000
3910	-1	395000
3910	-1	397000
3910	-1	399000
3910	-1	401000
3910	-1	403000
3910	-1	405000
3610	-1	361000
3610	-1	362000
3610	-1	363000
3610	-1	364000
3610	-1	365000
3610	-1	366000
3610	-1	367000
3610	-1	368000
3610	-1	371000
3610	-1	372000
3610	-1	372200
3610	-1	374000
3610	-1	375000
3610	-1	376000
3610	-1	377100
3610	-1	378100
3610	-1	379000
3310	-1	331000
3310	-1	332000
3310	-1	333000
3310	-1	335000
3310	-1	336000
3310	-1	337000
3310	-1	338000
3310	-1	341000
3310	-1	342000
3310	-1	343000
3310	-1	345000
3010	-1	301000
3010	-1	302000
3010	-1	303000
3010	-1	304000
3010	-1	305000
3010	-1	306000
3010	-1	307000
3010	-1	308000
3010	-1	309000
3010	-1	311000
3010	-1	312000
3010	-1	312800
3010	-1	314000
2900	-1	290000
2610	-1	261000
2610	-1	264000
2610	-1	265000
2610	-1	266000
2610	-1	267000
2610	-1	268000
2610	-1	269000
2610	-1	271000
2610	-1	272000
2610	-1	274000
2610	-1	276000
2610	-1	278000
2610	-1	279000
2410	-1	241000
2410	-1	242000
2410	-1	243000
2410	-1	244000
2410	-1	245000
2410	-1	246000
2410	-1	247000
2410	-1	249000
2410	-1	252000
2210	-1	221000
2210	-1	222000
2210	-1	223000
2210	-1	224000
2210	-1	225000
2210	-1	226000
2210	-1	227000
2210	-1	227600
2210	-1	228000
2210	-1	229000
2210	-1	231000
2210	-1	232000
2210	-1	233000
2210	-1	234000
1910	-1	191000
1910	-1	192000
1910	-1	193000
1910	-1	194000
1910	-1	196000
1910	-1	198000
1910	-1	199000
1910	-1	201000
1910	-1	203000
1910	-1	205000
1910	-1	207000
1910	-1	208000
1610	-1	161000
1610	-1	162000
1610	-1	163000
1610	-1	164000
1610	-1	168000
1610	-1	169000
1610	-1	171000
1610	-1	173000
1610	-1	175000
1610	-1	177000
1610	-1	181000
1210	-1	121000
1210	-1	124000
1210	-1	126000
1210	-1	127000
1210	-1	131000
1210	-1	134000
1210	-1	138000
1210	-1	141000
1210	-1	143000
1210	-1	146000
1210	-1	148000
1100	-1	110000
1000	-1	100000
